277
1159
1257
2150
3009
4580
4774
5416
5519
7445
8446
8537
9617
11371
12067
12700
13067
13203
13464
13489
13491
14432
15763
15821
16378
16722
17138
18623
18872
19416
19781
21023
21305
21368
21735
21769
22341
24216
25638
28674
29718
31356
31882
32209
32475
33904
36698
36879
37174
37706
39979
40725
43217
43866
45319
45954
46393
47513
47588
48015
48459
48778
50908
51372
52221
52858
53544
54791
55084
57400
58213
59175
61581
63585
64535
66032
67307
68180
69498
70546
72550
74796
77922
79380
81966
82424
84487
85372
86379
86620
87195
87379
88287
88295
88600
88680
90514
90938
91001
91854
92532
92879
93186
93598
94298
95473
96367
96830
97268
97677
99350
100227
101215
103202
106880
111595
111632
112124
114272
115010
115268
115736
116402
121084
121226
121941
123563
123861
124293
126411
128292
128428
128839
129673
130109
132023
133476
133728
136592
137068
137250
137292
137373
138377
140551
141738
143319
146004
148229
149426
150375
151183
151554
152647
153821
155444
156113
158527
158707
160622
162734
164864
165993
166227
168881
169672
173783
175459
176276
177089
177663
178804
180208
181939
182701
184910
185131
185159
185233
185740
186306
187181
187672
188768
190383
190864
191438
191956
192123
192384
192837
193480
193836
195589
197651
199142
199916
200025
203945
205077
205758
207386
207967
208511
209537
211049
211510
211561
211651
212606
213098
213459
215049
216524
217590
220673
221363
221889
222421
222588
225246
225683
226675
227682
230112
233228
233912
236639
236812
240107
240244
243468
243471
243547
243612
245418
245807
246337
247539
248254
249009
249442
250245
250323
251500
252674
252860
254127
254264
255414
255929
255980
256178
256222
258492
258584
260740
261098
263722
263913
265348
265422
266334
266991
267411
268078
268207
269518
271152
271536
272795
274210
276588
276723
277654
278465
278475
278758
280307
281556
282276
283317
283473
286218
288008
288364
289039
290829
292402
293468
294084
294504
295686
296157
296576
296751
298011
298043
298326
298458
299964
300780
302160
305244
305794
306521
310216
312074
312896
313955
316690
316784
318015
320030
320451
321542
321614
322094
323223
323854
324264
326938
327241
328354
329255
330664
331895
333237
333676
334974
336368
338530
338881
338942
340893
341362
341697
342434
343764
345926
345999
348000
348946
350512
351427
351608
352688
353107
353540
357091
358168
358406
358523
359926
360045
361687
363175
363266
364139
364563
365799
365860
366018
366289
366413
366458
366796
372521
372728
373157
373485
373659
374996
375282
375351
375379
376002
376316
377824
378536
379321
380727
380748
381684
382177
382435
386778
386971
388338
388985
393671
394009
394478
395204
397568
398907
399323
399881
400178
401615
402356
402945
403009
404542
405329
405936
406110
406168
406440
407863
408771
409971
412480
413937
417013
418174
419509
419677
420706
421115
421339
421941
425026
425767
427984
428449
428724
428730
429394
430135
430423
431186
432447
432555
433081
435236
437233
437742
437906
440848
440851
440924
441324
442263
442862
443793
444814
448317
448426
449315
449882
450168
451742
451944
453710
453886
454654
455233
458193
458504
459292
459652
460518
460930
461467
462026
462329
462524
463264
464313
469119
469133
470901
470984
472011
472427
473309
474487
477290
478750
481562
481603
484099
484269
484347
484722
484966
486981
487270
488494
490922
492718
493676
494385
495213
495365
500369
501261
501502
503232
503296
503739
504959
507688
508256
508625
509007
509420
510014
511512
511990
512148
512805
514181
514722
515004
516547
517760
521120
521637
522401
523688
525496
525786
526068
526087
526245
527105
527136
527750
528215
528548
529049
529753
530279
530341
531436
532729
533323
535455
535915
537232
537467
538194
538988
539206
539424
539428
542521
542778
543622
546116
548331
548955
549219
551531
551939
554840
554896
555555
556134
557007
557470
558101
558607
559992
560767
562526
562922
562940
563058
563581
567622
568471
569203
569257
570523
571452
572779
573455
574968
578688
580820
580997
581106
582036
582840
583732
583853
585690
587383
587430
587592
588257
589238
589603
591425
591472
591514
591568
592464
594774
595849
596546
596778
597366
597561
598786
600020
602186
602503
604662
605887
606603
607213
608018
608270
609488
610658
611672
612163
613437
613596
613864
615256
616094
616591
618224
619478
620539
621921
627099
627800
629579
631954
632916
633880
634740
635467
636998
638471
638600
638887
639001
641832
642218
642814
642933
645431
645572
647404
647626
648015
648398
648806
649681
653468
654751
657091
657177
658846
659569
660096
661030
662647
663574
666485
669391
669401
670234
671176
672129
675643
675660
676680
676947
678550
679303
679625
679720
681298
684443
685215
685311
685759
686767
689213
689621
690050
690984
691564
691654
692702
694805
694961
695254
695880
696244
698423
699213
701208
701443
701754
701955
703147
707876
708900
709143
709397
709561
710562
711266
711633
714908
715906
716610
716818
718329
719403
720371
720693
720976
721276
721767
723357
724748
730548
731008
732052
732782
736997
737224
738771
740824
741280
742395
742493
742813
743778
743845
744763
745773
745957
746445
747685
749685
749960
750115
750906
751327
751535
755320
756192
756688
756874
757576
757821
757965
758022
758035
759022
759576
761037
763694
764221
765544
765709
767249
767768
770466
772782
772835
773429
775396
776695
777147
779311
782792
782933
783621
783839
784328
785676
786346
787363
788884
790458
791411
794402
795054
796788
797454
797879
798244
798332
799930
800540
800768
801690
802518
803741
803761
803769
806514
808998
811323
811815
813151
813568
814815
816487
817929
822805
823307
825766
826084
826383
828367
828797
828891
830433
831173
831319
832408
832557
833044
833090
833920
834150
836602
837222
839106
839609
839706
840249
840350
842533
842960
843799
846094
846207
847089
848603
848904
849819
850596
850760
850967
851855
854179
854974
856538
857439
858054
858165
859748
859775
861093
861316
861867
863106
863708
866043
867999
868067
868085
868699
871313
873209
874093
874729
875481
876749
880375
880666
881222
881479
883336
883381
883518
884472
887224
887800
889258
889812
890348
891646
892395
892965
893147
894468
894754
895092
896636
897715
897726
901345
902467
903113
904477
905425
906874
908197
911987
914531
916666
917494
918251
919269
920860
922673
922823
923650
923798
924232
925516
927414
928896
929588
930667
931141
931277
931591
932205
932246
932857
934424
934711
936191
936653
937451
940933
942179
942712
943285
944443
944676
948469
948494
949177
950499
950782
951646
953530
954941
955081
955106
956463
957122
959167
960214
960391
962861
964722
965089
966513
967104
967107
969191
972599
974101
975512
975625
975966
978487
979157
980202
981877
983049
983306
983615
985184
986301
986481
987565
988167
989122
989271
990842
992049
992217
992966
995723
995890
997667
998753
998939
1005155
1008458
1008973
1011635
1013255
1014156
1016872
1016951
1018370
1018867
1020464
1020467
1022225
1022241
1023765
1023892
1024065
1025794
1026501
1026688
1028883
1028991
1030857
1031092
1031109
1031404
1032955
1034568
1034631
1035008
1036686
1038451
1038541
1040071
1042563
1045024
1045142
1046229
1046648
1047792
1048734
1049332
1051608
1052377
1052641
1053488
1053905
1056114
1056480
1057125
1058542
1060378
1060584
1060706
1060948
1061720
1065800
1065900
1066181
1066953
1067831
1067974
1070435
1072584
1074088
1077119
1077360
1077743
1078129
1078700
1078723
1081047
1081254
1081680
1082418
1082840
1084351
1084670
1085055
1085780
1088078
1088121
1088924
1089819
1090923
1091869
1092220
1093801
1098175
1098209
1099204
1099797
1100962
1101637
1101889
1102349
1103300
1103908
1104018
1105884
1106745
1106922
1107663
1108925
1108964
1109256
1109628
1109714
1109906
1109993
1111173
1113396
1113954
1114781
1115537
1116949
1117875
1118606
1119461
1119667
1120205
1121279
1121733
1121925
1121964
1124696
1125907
1127061
1131327
1131565
1131677
1133549
1134251
1135180
1139007
1139441
1141864
1142870
1143298
1144119
1144844
1147558
1148808
1149220
1150517
1150604
1155145
1155368
1157649
1157967
1158820
1159007
1159359
1161553
1161656
1162004
1162292
1162584
1162730
1163034
1163883
1167624
1167975
1169135
1169728
1170821
1173508
1173762
1175152
1175563
1175695
1175956
1176741
1177913
1178840
1179414
1180566
1181126
1183047
1183634
1185125
1185470
1185775
1188294
1191853
1193071
1195734
1196873
1197617
1198452
1198484
1200526
1200613
1201834
1201918
1202799
1204048
1204298
1204931
1206304
1206474
1206958
1208053
1208847
1212566
1213698
1214732
1214881
1218320
1218775
1223322
1224199
1228668
1229077
1234491
1236061
1236365
1236407
1236627
1237413
1238068
1240441
1240510
1240907
1240951
1241536
1246522
1247849
1250247
1250840
1251121
1252004
1252270
1252361
1253866
1255025
1255126
1255589
1256513
1257703
1257798
1258843
1262197
1263275
1263832
1265836
1266668
1267608
1269436
1270861
1272140
1275424
1275698
1276316
1276518
1278394
1279924
1282978
1284300
1284522
1285880
1286973
1289334
1290532
1292812
1293133
1293236
1298990
1300300
1300466
1300524
1301087
1302450
1302845
1303078
1305882
1306800
1309690
1310080
1314722
1315855
1316604
1316946
1317119
1319113
1319209
1321582
1321908
1322137
1322988
1323477
1325947
1326699
1327202
1327904
1328504
1329242
1329593
1330717
1330824
1331213
1332983
1333161
1333358
1333410
1334005
1334307
1334715
1337448
1340609
1342286
1345840
1346712
1347341
1347359
1348025
1348137
1349124
1349235
1351220
1353039
1353242
1353366
1354547
1355134
1357790
1358427
1358770
1361349
1361904
1363456
1364618
1365514
1365625
1365771
1366628
1366703
1367248
1370166
1374445
1375158
1376884
1379840
1380380
1380521
1384466
1386401
1387354
1389811
1390117
1391079
1391767
1392599
1394438
1394712
1395031
1396322
1396634
1397573
1399306
1401659
1403122
1404062
1405365
1406877
1407692
1408447
1408489
1409905
1410434
1411032
1411386
1411672
1411857
1412658
1414166
1415042
1415261
1418082
1418879
1419797
1421355
1422256
1423251
1423305
1424382
1424717
1425491
1426401
1426409
1427303
1427573
1427702
1429073
1430327
1431063
1431767
1431998
1433369
1433995
1434940
1436031
1436541
1436660
1437436
1438022
1438168
1440599
1442280
1444888
1445031
1445743
1445772
1447003
1449392
1449540
1450050
1450288
1450836
1454310
1454737
1458001
1458072
1458604
1460457
1462264
1463205
1465965
1466716
1468640
1468713
1471650
1475375
1477038
1477394
1480333
1480383
1480985
1481514
1482596
1483189
1483502
1483972
1486276
1486825
1487743
1491672
1491902
1492743
1492831
1492969
1494149
1496259
1497072
1497616
1498187
1498803
1498815
1498850
1499054
1499988
1500577
1500768
1500969
1502987
1503748
1505406
1505771
1506458
1508281
1509134
1510209
1510898
1511018
1511373
1511890
1512388
1513021
1519370
1519988
1520769
1521368
1521983
1522156
1522177
1522351
1524118
1524767
1525140
1525148
1526785
1526908
1528083
1530217
1531162
1532566
1536034
1536150
1536585
1537107
1539099
1539389
1539826
1541344
1541764
1542009
1544376
1544837
1545352
1546806
1548081
1548847
1550515
1551746
1553061
1553684
1554188
1555033
1556339
1560659
1560743
1561648
1564717
1568545
1568694
1568884
1568963
1569394
1569411
1569805
1570004
1572553
1573343
1574026
1574294
1574699
1576060
1576570
1581306
1582348
1583529
1584779
1589584
1590436
1592744
1592950
1593147
1596978
1597233
1597360
1598290
1603844
1604893
1607282
1609227
1612135
1612924
1614022
1614089
1614826
1615327
1615925
1616084
1617498
1619815
1620096
1620557
1621496
1621630
1622871
1623173
1623661
1624194
1625793
1627854
1628946
1631946
1633445
1633486
1634225
1636308
1637838
1639104
1639738
1639834
1640472
1641203
1642917
1643009
1646270
1646421
1646665
1647589
1648059
1648790
1651315
1651826
1655206
1657855
1659659
1660154
1660476
1661450
1662546
1663636
1663813
1663942
1664007
1665517
1665804
1667117
1669283
1671257
1671605
1673104
1673417
1673888
1674727
1675096
1675601
1676691
1678468
1678630
1679175
1679615
1681487
1682871
1683462
1685174
1685386
1685607
1686376
1686744
1686831
1686840
1688346
1689901
1690222
1690530
1690638
1691305
1692199
1693839
1694027
1694093
1694476
1699608
1701566
1703487
1704300
1705370
1705491
1705505
1709515
1711152
1713588
1713760
1714124
1718413
1719000
1719185
1721908
1723320
1724774
1725455
1726420
1726487
1726725
1730242
1731333
1731539
1733084
1737343
1738138
1739597
1739892
1740423
1741129
1741668
1744300
1744744
1746130
1746829
1751206
1752032
1752081
1752162
1753821
1754403
1754612
1754993
1755811
1757335
1758971
1759242
1759892
1759931
1760190
1761669
1761909
1761964
1763127
1771551
1772445
1773646
1774417
1775866
1776514
1778930
1779694
1780489
1782537
1783143
1785016
1786645
1787233
1788024
1788937
1789350
1790312
1792981
1793210
1793260
1793309
1794436
1794586
1795475
1798711
1799172
1799475
1801147
1802240
1802690
1803657
1803920
1804528
1804695
1805131
1806406
1808025
1808206
1808931
1809869
1809882
1810253
1810454
1811165
1812843
1813411
1813572
1816075
1816118
1818382
1820680
1822960
1823974
1824865
1825044
1825722
1826595
1828075
1830280
1830288
1833835
1834006
1838787
1839774
1840323
1842208
1842917
1842983
1843335
1844966
1845021
1846349
1847515
1848215
1848610
1853015
1853208
1853266
1853534
1854491
1856063
1856468
1856809
1856814
1857497
1858369
1859677
1859917
1861019
1863901
1866961
1867367
1868330
1868813
1870453
1872142
1872375
1873106
1876018
1876131
1877850
1878058
1878277
1878347
1879778
1880229
1880433
1880688
1880767
1882331
1882438
1886270
1886299
1887609
1888305
1889035
1889459
1891234
1891636
1891801
1892357
1892891
1893499
1893844
1894682
1895062
1897903
1898229
1899212
1899868
1899900
1900508
1900701
1900920
1900933
1901855
1901924
1904295
1905782
1906100
1906786
1907098
1907400
1907696
1908423
1908546
1910324
1911431
1911865
1912331
1912691
1913684
1914340
1916169
1919515
1919712
1920056
1920327
1920898
1924981
1925128
1926105
1926702
1927594
1930709
1930822
1931246
1931878
1932487
1934623
1936345
1937792
1938358
1938837
1939154
1939596
1939606
1941028
1942442
1942638
1943074
1943157
1945559
1946154
1946758
1948148
1948262
1949915
1950531
1951522
1952913
1953299
1954515
1955207
1955310
1955599
1957399
1957572
1961037
1962932
1964507
1964604
1965130
1966704
1969276
1969848
1970830
1971144
1971844
1975126
1975657
1977105
1977875
1977945
1978156
1978379
1980011
1980875
1980962
1981263
1981630
1982787
1982800
1984114
1984565
1984907
1986893
1988298
1988840
1989193
1989548
1991211
1991533
1995458
1997710
1998618
1999249
2003037
2003550
2003842
2004894
2005352
2005766
2005807
2006455
2006476
2006867
2007768
2007861
2009581
2010312
2011922
2012081
2018464
2022449
2023433
2023805
2024348
2024444
2024549
2025779
2027447
2028275
2031485
2032396
2032431
2032973
2034064
2034378
2035324
2035844
2036258
2036719
2038958
2039212
2039521
2043310
2043745
2043847
2045995
2046945
2047659
2049156
2052159
2055903
2056400
2058254
2059567
2060638
2061697
2063010
2063056
2064005
2064090
2065335
2067112
2068916
2070583
2070765
2070882
2071328
2071784
2071999
2073624
2075240
2075742
2076246
2077604
2079232
2079470
2080828
2081310
2083039
2085055
2086877
2088748
2089136
2089278
2089484
2090672
2092550
2092923
2093415
2093478
2093480
2097121
2097220
2097445
2098459
2100938
2101055
2104602
2105472
2105652
2105757
2105809
2106805
2107439
2108594
2109264
2109769
2110531
2110656
2112153
2112627
2112759
2118407
2119245
2120375
2120380
2122939
2126330
2126747
2129490
2129517
2130639
2132425
2132497
2133113
2133511
2133795
2134867
2136576
2137256
2138005
2138217
2139882
2140782
2142312
2142984
2143003
2143043
2143194
2143349
2144309
2144646
2144788
2147095
2148945
2149173
2150958
2151108
2151953
2153768
2153901
2153933
2154433
2155088
2155251
2157868
2158006
2160154
2160631
2160778
2161366
2161499
2163134
2163320
2163724
2164110
2165145
2168609
2169722
2170276
2173806
2173887
2174276
2174600
2174877
2175258
2176300
2176844
2179528
2180724
2182412
2183559
2184279
2184322
2184798
2184813
2185263
2186564
2188510
2190270
2190674
2191201
2191748
2194441
2195014
2195807
2199420
2199433
2200154
2200942
2201063
2201134
2201546
2202188
2202278
2202687
2203238
2203746
2203826
2207485
2207729
2209692
2211317
2211656
2217682
2218172
2220279
2220623
2221907
2222493
2223213
2223633
2223977
2224334
2226719
2227460
2228061
2229532
2230153
2230623
2233905
2234071
2234575
2236238
2236372
2236991
2239755
2242869
2243677
2243696
2245598
2247216
2248230
2249474
2250327
2250446
2252572
2253109
2260317
2261180
2261533
2262422
2264323
2266764
2270746
2271159
2271483
2271637
2274281
2275481
2276270
2277095
2277581
2277609
2278010
2279211
2279387
2279816
2280475
2281618
2282962
2284667
2284952
2286284
2289208
2291506
2292750
2292799
2294432
2294831
2295459
2296527
2300909
2302954
2303747
2304208
2305134
2305907
2307961
2308022
2308418
2309859
2310450
2311259
2312384
2312689
2313122
2314179
2315521
2318808
2319425
2322341
2323963
2326151
2328313
2329181
2330293
2331044
2331861
2332657
2333383
2335975
2336154
2336684
2337157
2338547
2339197
2340268
2343957
2347081
2348469
2348944
2349943
2351002
2352696
2352873
2352960
2353866
2357221
2357342
2358145
2359021
2359052
2359190
2360886
2362939
2364438
2364771
2366513
2366586
2367171
2368521
2369182
2369864
2371393
2372039
2372368
2372459
2372600
2373356
2373966
2374708
2375915
2377301
2378023
2379211
2379951
2379994
2380341
2381436
2383640
2384109
2385952
2386587
2386981
2387409
2388005
2388239
2388423
2389614
2389774
2393133
2393266
2393289
2394235
2398022
2398126
2398224
2401773
2401925
2402234
2402292
2402511
2402973
2403898
2404824
2405039
2405749
2406694
2407117
2410811
2411777
2412393
2412978
2413323
2413397
2414100
2414612
2414740
2414770
2417592
2418261
2419076
2419370
2419980
2420245
2420658
2421074
2422188
2423369
2425606
2428409
2428892
2429647
2433905
2434349
2436841
2437191
2438332
2438395
2438858
2440592
2441742
2444532
2451610
2452186
2452678
2453514
2455767
2456947
2457472
2457709
2458925
2459996
2460198
2460911
2462807
2462870
2464137
2464145
2465233
2466106
2466867
2469027
2470009
2471116
2472445
2473719
2475612
2475868
2476331
2478190
2478572
2478840
2480514
2483893
2485991
2486189
2487381
2487966
2488080
2488244
2490612
2492790
2494816
2494898
2495257
2496003
2496580
2497776
2498586
2499214
2499685
2500275
2502536
2502940
2504570
2506276
2506823
2507962
2508236
2508491
2509207
2509545
2509552
2510561
2511798
2512904
2513009
2513813
2513815
2514842
2514939
2517575
2522064
2522164
2522918
2523373
2523817
2524250
2525244
2527298
2528171
2528473
2528969
2529712
2529994
2531258
2538103
2538674
2540123
2540261
2540370
2541684
2542386
2542626
2544208
2546665
2548036
2548709
2551052
2553309
2554076
2554671
2554980
2555587
2556062
2556660
2556889
2557641
2558787
2559604
2562178
2563093
2563161
2564595
2565528
2565688
2566501
2566502
2567166
2568315
2569449
2569520
2569543
2569777
2572461
2573720
2575303
2575478
2576219
2581085
2583027
2583522
2583709
2584024
2586571
2587010
2587758
2589397
2589755
2589927
2589953
2590510
2590955
2590995
2592851
2593934
2594290
2596697
2597157
2598196
2598696
2599145
2599576
2599614
2600068
2600850
2602233
2602751
2604497
2605391
2608114
2608576
2609938
2609967
2610225
2610897
2611888
2612051
2612794
2614479
2614851
2615494
2616927
2617399
2618524
2620072
2621830
2622077
2622215
2623321
2623497
2623954
2625453
2627171
2628644
2628661
2628976
2629088
2631402
2631658
2631791
2631809
2632458
2636740
2638271
2638346
2639810
2639833
2640934
2641756
2642038
2644599
2649734
2650108
2650218
2651241
2651660
2652380
2652671
2652710
2653348
2657290
2657788
2658120
2661658
2661737
2665532
2665802
2666045
2666290
2666906
2667480
2667506
2669359
2672508
2675136
2676566
2676802
2677108
2677315
2678163
2678480
2679119
2680082
2682074
2683523
2684536
2685791
2686944
2687458
2688655
2689793
2690669
2690753
2691116
2692350
2693523
2694543
2695250
2696778
2697001
2699201
2700409
2702028
2702259
2703484
2704048
2705755
2705968
2706896
2706924
2706999
2707249
2707541
2708552
2710457
2711485
2711554
2712364
2713691
2714207
2714821
2715053
2719233
2722956
2723547
2723917
2724293
2724914
2726557
2728782
2730180
2730257
2730623
2730955
2731440
2731941
2733454
2734006
2734603
2734957
2735038
2736019
2737193
2737202
2737715
2738088
2739517
2741594
2742205
2745399
2746093
2746985
2750266
2750777
2751774
2751873
2752172
2752281
2754968
2755323
2755909
2756711
2756935
2757146
2757517
2757542
2757861
2758406
2759875
2761337
2762233
2764458
2764959
2765376
2765600
2765803
2766957
2767157
2767430
2767838
2768310
2770291
2770506
2770957
2772022
2772090
2772175
2774070
2775487
2778098
2778317
2779070
2780161
2780513
2780532
2781907
2782262
2784229
2784741
2785417
2785622
2785795
2785999
2787872
2788613
2789732
2790795
2790994
2791307
2793204
2794593
2794940
2795042
2795342
2796521
2798805
2799025
2799159
2800613
2800754
2800925
2802275
2803241
2804498
2804590
2804953
2805440
2805664
2806376
2808117
2808317
2808954
2808994
2809009
2810969
2811284
2812904
2814205
2814988
2815266
2815469
2816821
2822244
2822504
2822918
2823831
2826804
2827686
2828594
2831202
2832255
2835072
2835659
2835941
2836816
2838690
2839767
2840494
2840580
2842778
2843443
2843855
2844334
2845152
2846922
2847648
2848326
2850227
2850965
2852212
2853401
2856442
2856645
2857542
2860115
2860467
2861502
2862371
2863093
2865541
2865885
2868388
2869049
2869165
2871719
2872423
2875430
2876429
2876869
2876924
2878194
2878285
2879329
2883200
2885754
2886176
2889542
2890156
2890419
2890457
2891362
2891576
2892449
2893952
2894818
2894975
2895563
2895593
2895911
2897940
2898468
2900976
2901377
2902072
2904411
2904464
2904565
2907777
2908746
2909026
2910280
2911006
2911261
2912463
2913666
2914897
2915103
2916971
2919279
2919421
2920151
2920302
2921661
2922144
2922853
2923348
2926304
2926321
2928856
2929726
2930023
2931217
2932506
2932622
2934946
2935082
2935468
2935560
2936261
2936308
2936646
2938032
2938169
2938332
2938878
2939027
2939532
2940366
2941897
2943516
2944691
2947275
2949218
2949682
2949861
2950067
2950942
2951421
2954477
2954542
2955516
2955737
2957181
2959118
2961328
2965113
2965146
2965748
2967297
2970507
2971481
2973368
2974747
2974870
2975289
2975551
2976815
2977678
2977686
2979696
2980613
2980770
2985044
2985802
2986379
2987416
2987993
2989619
2990000
2990289
2991617
2991680
2992005
2993721
2994595
2997295
2997647
2999561
3001588
3001624
3004062
3005289
3008170
3013157
3014859
3015326
3017442
3018172
3018873
3020979
3022806
3025184
3027060
3028171
3029267
3031028
3031252
3031783
3032451
3033797
3035205
3036998
3039197
3040567
3040898
3041882
3042922
3043406
3044063
3044144
3044891
3045359
3045544
3048431
3048696
3050263
3050724
3050746
3051925
3052940
3055968
3056230
3057044
3057594
3057809
3060625
3064756
3065145
3066653
3068147
3071142
3071560
3073986
3074034
3074211
3074714
3075040
3076703
3078228
3078637
3079426
3080008
3080269
3082726
3083617
3084798
3085792
3086325
3087565
3088928
3089053
3089244
3091646
3092325
3093692
3094933
3096082
3096819
3096910
3097932
3098781
3099786
3100249
3100956
3103260
3104116
3104150
3104808
3105531
3105636
3106060
3106767
3106995
3107844
3108011
3108407
3108744
3114376
3115210
3115361
3116088
3116274
3116598
3116907
3117262
3117360
3120784
3123080
3123575
3124077
3124677
3124903
3124973
3125000
3125882
3125998
3127339
3127804
3129958
3131029
3131054
3131876
3133188
3134381
3135086
3136757
3138534
3139412
3139683
3139879
3143369
3144002
3144205
3144247
3144613
3145341
3145887
3148316
3149080
3149860
3149949
3149967
3150203
3150214
3150456
3150889
3152308
3152992
3153494
3156115
3157591
3158370
3158504
3159223
3159343
3159449
3159844
3162554
3163265
3163621
3164531
3165066
3165153
3165732
3165829
3165883
3166908
3166918
3167029
3167606
3167830
3169699
3171122
3171515
3172296
3173854
3173864
3174311
3174324
3174496
3175771
3176634
3178377
3178644
3180692
3180989
3181900
3183747
3184028
3184343
3184812
3185845
3186226
3187712
3189036
3190718
3192317
3193709
3194899
3195020
3195198
3195384
3196392
3196499
3197985
3198215
3199385
3200410
3200680
3201231
3202014
3202489
3203179
3203351
3203461
3203544
3204200
3204610
3207018
3207177
3208490
3208589
3209667
3210976
3211898
3213506
3214299
3214935
3215322
3215849
3217075
3217133
3217458
3217574
3217943
3220420
3220661
3223306
3224255
3226290
3226589
3227073
3228007
3229401
3230413
3230484
3231833
3232513
3233247
3236051
3237030
3237264
3237429
3239508
3240596
3242099
3242810
3244268
3244680
3245304
3245586
3246385
3250139
3250410
3251398
3252009
3252581
3254649
3255423
3256378
3259275
3261035
3261519
3262006
3264756
3266481
3267721
3268073
3268305
3269659
3271467
3271840
3272747
3273226
3274027
3274924
3275091
3275135
3275629
3276982
3277105
3277254
3278064
3278110
3279045
3279232
3281355
3281952
3283185
3283704
3283927
3284234
3284356
3284829
3285784
3285966
3287950
3288032
3288034
3290832
3290886
3290989
3291120
3292546
3292723
3293253
3293256
3294233
3295245
3295730
3295940
3297505
3298670
3299894
3299971
3300329
3300334
3301158
3301211
3302284
3303674
3305385
3306026
3307413
3307777
3308804
3311215
3311233
3311318
3311721
3312633
3312953
3313169
3313253
3316684
3318007
3319684
3320628
3320723
3321316
3321497
3322125
3322522
3322815
3323113
3324029
3324662
3325571
3327184
3327932
3329980
3332528
3333260
3333522
3335411
3336426
3337209
3338011
3338516
3340206
3343485
3343749
3344648
3344699
3345014
3345801
3346829
3346857
3346948
3348648
3349104
3350397
3350588
3351108
3351805
3352993
3353283
3354828
3356941
3357369
3357524
3358136
3358457
3360293
3361218
3362715
3363706
3365241
3365273
3368800
3369310
3371459
3371986
3372817
3374492
3376701
3376897
3378912
3378996
3379159
3380040
3380384
3380504
3382599
3383091
3385039
3385521
3387021
3388294
3389573
3389748
3390444
3391824
3392897
3394474
3394671
3396143
3397229
3399111
3400683
3402128
3402961
3405009
3405973
3406699
3407325
3409012
3409694
3411506
3413653
3414391
3416831
3421176
3421235
3421270
3422231
3422395
3422629
3422732
3423505
3424434
3424443
3425638
3425664
3427839
3428895
3429648
3431256
3432257
3433793
3434333
3435081
3436031
3436428
3439841
3440407
3442428
3443456
3445365
3447273
3449304
3449621
3449855
3450053
3453329
3453913
3455681
3459123
3460881
3462126
3465153
3465222
3465904
3465910
3465978
3466067
3466596
3466751
3467214
3467924
3468164
3469072
3469306
3470103
3473331
3473500
3473966
3475589
3476132
3478276
3479050
3482186
3484838
3485136
3486478
3486752
3487004
3487255
3487391
3488376
3488379
3488567
3489283
3489797
3489872
3491050
3492320
3493357
3494748
3494804
3495495
3496241
3496337
3496477
3496966
3497247
3498298
3499012
3499616
3500263
3500278
3500544
3500713
3501701
3503766
3503884
3504600
3505822
3506499
3511794
3511939
3512421
3512436
3514409
3516168
3516241
3516398
3516708
3516974
3518127
3518569
3521907
3522764
3523912
3526219
3526290
3526998
3530004
3531984
3534486
3535854
3536535
3536771
3537587
3542008
3542162
3542341
3543204
3543306
3543531
3545606
3547191
3547585
3549596
3550377
3551156
3551392
3551843
3552058
3554098
3554124
3554996
3555688
3556693
3558640
3559573
3562406
3563584
3563871
3565377
3566579
3566696
3568789
3568921
3569261
3570996
3571509
3572276
3572365
3574347
3574997
3575167
3575303
3576113
3576459
3576973
3577511
3579101
3580588
3581175
3581299
3581479
3583149
3583724
3584171
3585383
3585666
3589114
3591248
3591300
3592005
3594145
3595389
3595623
3597008
3597046
3597598
3598167
3598280
3598822
3599590
3600374
3600758
3602682
3602990
3604923
3605895
3607101
3607971
3608500
3608595
3612084
3614956
3615223
3615526
3618258
3618433
3618801
3619301
3620757
3621047
3621092
3621988
3622846
3624095
3624131
3628343
3632336
3634598
3634717
3636875
3640619
3640778
3640781
3641906
3642559
3642640
3643800
3643823
3645739
3645775
3646088
3646247
3647611
3648595
3651750
3657758
3660203
3660532
3662621
3665902
3666394
3666447
3666503
3669729
3670594
3670835
3671915
3673461
3674496
3675302
3675664
3679977
3680651
3681225
3681735
3682130
3682674
3682985
3683045
3684692
3684913
3685048
3685787
3686269
3686311
3686737
3687235
3687854
3689289
3689983
3690010
3690369
3690708
3691974
3692368
3693411
3693545
3696412
3696639
3697784
3698681
3699063
3700263
3700306
3702345
3702848
3706382
3706547
3707038
3707129
3708135
3709004
3709069
3709683
3709859
3711609
3712108
3712156
3712773
3713235
3713285
3713725
3714522
3715348
3716592
3717650
3721345
3721485
3722152
3724240
3724510
3725264
3725346
3725934
3726024
3727561
3728745
3729654
3729816
3731022
3731729
3731897
3733761
3734069
3737158
3737179
3737966
3738903
3740249
3742837
3743207
3743311
3743735
3744118
3744126
3745584
3746612
3747274
3748952
3750118
3750480
3752321
3752728
3754367
3755044
3756695
3758643
3759658
3760702
3760890
3764326
3765389
3765676
3765833
3767577
3768111
3768580
3768974
3769224
3769954
3769956
3770208
3771207
3771489
3771515
3772508
3774669
3774691
3775027
3775033
3775615
3776544
3776949
3777834
3778553
3779116
3779889
3780962
3781085
3781983
3783102
3783485
3784169
3785364
3787675
3789238
3790073
3790483
3791239
3791798
3794101
3794918
3795320
3795591
3796859
3799456
3800414
3803533
3804116
3807853
3808186
3809619
3809880
3810351
3813605
3815757
3816093
3817089
3817585
3818025
3818368
3819846
3820074
3820410
3820538
3821587
3823177
3823486
3823520
3823523
3824296
3824611
3825211
3825504
3827299
3827355
3828841
3829657
3831535
3832224
3832947
3833370
3835716
3839348
3840764
3841510
3842429
3842951
3843625
3844256
3844397
3845053
3845259
3848574
3852001
3852296
3852470
3853287
3853927
3855536
3855570
3858167
3858398
3858806
3859761
3861220
3861527
3861847
3861942
3863328
3867060
3867505
3867531
3872525
3873371
3874617
3875366
3876416
3877914
3879515
3880078
3880440
3881316
3881643
3881835
3882899
3883561
3884456
3884457
3885376
3885514
3885603
3885818
3885860
3886088
3886160
3886992
3887087
3887483
3887802
3888389
3889522
3891113
3892246
3892890
3893647
3895021
3895462
3896073
3897097
3898274
3898609
3901555
3901663
3902108
3902264
3903218
3903943
3904275
3905087
3905798
3906966
3907451
3908048
3908166
3908751
3910163
3911426
3912883
3913534
3915399
3916449
3917006
3917556
3917887
3918000
3918988
3919377
3919670
3921589
3921802
3923207
3923268
3924079
3927192
3928605
3928927
3929091
3929495
3929864
3931672
3933150
3933206
3934177
3939065
3939295
3939515
3940037
3940766
3942910
3946518
3947480
3948580
3950494
3950853
3952711
3953099
3953403
3953504
3953559
3955605
3955716
3957241
3959460
3960887
3960983
3963333
3964286
3964357
3964548
3964650
3967861
3967917
3967969
3968256
3968450
3968489
3969756
3970108
3971047
3971686
3972141
3972679
3972989
3973592
3974717
3975248
3976437
3976958
3977303
3977915
3979890
3979923
3980214
3980445
3981103
3981499
3981583
3981917
3982492
3986753
3987283
3990385
3991308
3991603
3992190
3993817
3993890
3994686
3994731
3995221
3997093
3998167
3998240
3999294
3999610
4001006
4002077
4002527
4002896
4003053
4005183
4006016
4006265
4006464
4009574
4011672
4011824
4015523
4016019
4016252
4017408
4017946
4018682
4019221
4019820
4021658
4026441
4027036
4028757
4029033
4030065
4030123
4030144
4031857
4032122
4032304
4032673
4035186
4035325
4036383
4038000
4038657
4039506
4041415
4042395
4042548
4043941
4045924
4046151
4046237
4050323
4050811
4050825
4051069
4051198
4051943
4052852
4053401
4053424
4055803
4058270
4058812
4059305
4060100
4060287
4062361
4063172
4066521
4069380
4070060
4071629
4073811
4074336
4074789
4075001
4075631
4075884
4077325
4077700
4079395
4083662
4084999
4086305
4086623
4086823
4087904
4088066
4088347
4090132
4090267
4091147
4091496
4091892
4092844
4093808
4094463
4095566
4096030
4098896
4100295
4102628
4103358
4105373
4106183
4106890
4107307
4107509
4108315
4108873
4109151
4110077
4112553
4113030
4113720
4115698
4116176
4116416
4117967
4118325
4119295
4119419
4121601
4124510
4125589
4126308
4126923
4127477
4127711
4129068
4130482
4133718
4134691
4135497
4136509
4137750
4139032
4140147
4141511
4141828
4142483
4142927
4143069
4144283
4146685
4146934
4147126
4149556
4150500
4154008
4155223
4158406
4158449
4158663
4159204
4159676
4160748
4164218
4164480
4166419
4166954
4168684
4169055
4170193
4170824
4172807
4173875
4176243
4179236
4181927
4182285
4184427
4185252
4189302
4191829
4192402
4194856
4195256
4196239
4196471
4198180
4201605
4201653
4203498
4203828
4204396
4205308
4205949
4206506
4207243
4207339
4207737
4208612
4209941
4210427
4214097
4215328
4215515
4216228
4216627
4217155
4218489
4218799
4218866
4218972
4221964
4224125
4224296
4224755
4226074
4226245
4226501
4228057
4229717
4230939
4231703
4231995
4232124
4232368
4233808
4234329
4235944
4236046
4236445
4237802
4237901
4238895
4239470
4239635
4241806
4243134
4243890
4244053
4245527
4247462
4248295
4250287
4250375
4250801
4250912
4251290
4251430
4252069
4252172
4252232
4255018
4255486
4256655
4256895
4257405
4258061
4259341
4260603
4260725
4261194
4262202
4262691
4264978
4265897
4268105
4268111
4269674
4271916
4274571
4274854
4275092
4276929
4277728
4279028
4279737
4281417
4281821
4283259
4283857
4284034
4284639
4285867
4287531
4288243
4288645
4289237
4289556
4289893
4290865
4291593
4291907
4292732
4292765
4294726
4295508
4296572
4297003
4298943
4299633
4300500
4303489
4304060
4305285
4306231
4306920
4310118
4311085
4311767
4315559
4316192
4316359
4317035
4317041
4317814
4317887
4318457
4320325
4322129
4323903
4326466
4327615
4328440
4328523
4331434
4331463
4333153
4334337
4335746
4335959
4336483
4336549
4336588
4337106
4339402
4340982
4344282
4344726
4345138
4347142
4347680
4348563
4348935
4350132
4350363
4352140
4352620
4353915
4355781
4358012
4360856
4360927
4363607
4366235
4367883
4368380
4369193
4370293
4370444
4372163
4375837
4376687
4377368
4377430
4377906
4378438
4380318
4381245
4381731
4382116
4385779
4386714
4387145
4387548
4387900
4387921
4390114
4392888
4393404
4396255
4396395
4396413
4396579
4397169
4397172
4397317
4399699
4401072
4401521
4403492
4404291
4404728
4404743
4406071
4408326
4408979
4409473
4410736
4411354
4412577
4412649
4413406
4414341
4415423
4416106
4417481
4418268
4418707
4418733
4421887
4423062
4423350
4425169
4425701
4425803
4426169
4426555
4427992
4428732
4429446
4431277
4432726
4433178
4436278
4436317
4436831
4437602
4437640
4437807
4438240
4438400
4438632
4439229
4439504
4441002
4442144
4442952
4444274
4444842
4445374
4445961
4448255
4449983
4450035
4450727
4451438
4453718
4454543
4454895
4455522
4455774
4455988
4456529
4458161
4460334
4461300
4462340
4462873
4462921
4463041
4463450
4463638
4464279
4464502
4464846
4465513
4465861
4466155
4466811
4467248
4469037
4469085
4470615
4470924
4472239
4472525
4473311
4473320
4475866
4476012
4477632
4478214
4481196
4481969
4482242
4482256
4482830
4483457
4486716
4487322
4489224
4489419
4492957
4493091
4497189
4499877
4500057
4500337
4502611
4502634
4504189
4504841
4506183
4507306
4510072
4513684
4513910
4514180
4515208
4515599
4516027
4516748
4518040
4519674
4519880
4521090
4521703
4522083
4522102
4522951
4523683
4523862
4524101
4524360
4529318
4530558
4531494
4532880
4532916
4533541
4534339
4535870
4536210
4537515
4538478
4539845
4539960
4540830
4541465
4544108
4544628
4544755
4546657
4546879
4548062
4548450
4548855
4550091
4551161
4552359
4555417
4559353
4560030
4560594
4560782
4562618
4563008
4567179
4567855
4568718
4568923
4569175
4569812
4569846
4570150
4571062
4573113
4573125
4573513
4575462
4577052
4579338
4582923
4584655
4586808
4591268
4592585
4595308
4596890
4597005
4598961
4601322
4601537
4602176
4602848
4603438
4604020
4604553
4604649
4604960
4605715
4606655
4607707
4607732
4607917
4609744
4609941
4611449
4614507
4615783
4617375
4617412
4617980
4619488
4620545
4623435
4623797
4625286
4625661
4625750
4627131
4627712
4629897
4630510
4630575
4632072
4632414
4632437
4633683
4635272
4637732
4638348
4640144
4641624
4642480
4642874
4643620
4647298
4648750
4649020
4651524
4652275
4652738
4653381
4655448
4656593
4656695
4657030
4659131
4659673
4660104
4660395
4660991
4661508
4661918
4662044
4662117
4662383
4662769
4663282
4663859
4664022
4664946
4666388
4666905
4667398
4668071
4668637
4669519
4669596
4672166
4672309
4673878
4674506
4675099
4675468
4675654
4678354
4678851
4679923
4680348
4681025
4683213
4683217
4683514
4683987
4686980
4687694
4689714
4689850
4689921
4689949
4692405
4692695
4693161
4693487
4693788
4695441
4695571
4696657
4696907
4697642
4697893
4698665
4698669
4698842
4700330
4700961
4701166
4701984
4702876
4704533
4705320
4705962
4707050
4708695
4711607
4712689
4713977
4715703
4716766
4718712
4720074
4721043
4721423
4721932
4722314
4723875
4726457
4726917
4727658
4728916
4729101
4730163
4731460
4732195
4734732
4738365
4739426
4739574
4742001
4742277
4742325
4743042
4743147
4746720
4749216
4750166
4750178
4750212
4752105
4752371
4752526
4752778
4754101
4755186
4755826
4756021
4756048
4756062
4756903
4756907
4758470
4759537
4759716
4760849
4761446
4762054
4763521
4764791
4764940
4765615
4765784
4767007
4768541
4768609
4768758
4769115
4770390
4770798
4771171
4771268
4772257
4772398
4773605
4774123
4775059
4776304
4777446
4779064
4779241
4780293
4780654
4781903
4782604
4783422
4784582
4786624
4786928
4787664
4787803
4788425
4788833
4790027
4790276
4790693
4790719
4792051
4794681
4795800
4800432
4800861
4801350
4801359
4802226
4802994
4803633
4804305
4805354
4805457
4806110
4806811
4808253
4808369
4810820
4811703
4811760
4811780
4813616
4814546
4814865
4815101
4816352
4817282
4818432
4819008
4821077
4821160
4821704
4823148
4823345
4823440
4825841
4825953
4827700
4828729
4831755
4832133
4833635
4834933
4836072
4838157
4840681
4842343
4844749
4845195
4845425
4847207
4847516
4849269
4849773
4854713
4856518
4857018
4857506
4857513
4858345
4859884
4861121
4861470
4861492
4861563
4862198
4862593
4863946
4866850
4866928
4867642
4871175
4871715
4874729
4875617
4877919
4879576
4880233
4880970
4882309
4882342
4882693
4882703
4883161
4883812
4884319
4884577
4885473
4886210
4886996
4887009
4887633
4887853
4888448
4888865
4890520
4891042
4892860
4893733
4894045
4894852
4895422
4897549
4897744
4899011
4899366
4901803
4903428
4903778
4904721
4905909
4907088
4907186
4907676
4907845
4908417
4910215
4911445
4913255
4913892
4914049
4914165
4914716
4915390
4915840
4916108
4916583
4917584
4918728
4919993
4920087
4921509
4922004
4923430
4923888
4925341
4925973
4927030
4927919
4929369
4930517
4932360
4932592
4937908
4938067
4938964
4939053
4939928
4940299
4940414
4940722
4941213
4942333
4943125
4943448
4943500
4943875
4946220
4947977
4948230
4951222
4951275
4952918
4958427
4959347
4960084
4960231
4960894
4961108
4961200
4962309
4962588
4966858
4966886
4967235
4970182
4970398
4971972
4974764
4975911
4976015
4978528
4980711
4981794
4982446
4982474
4983573
4985914
4986889
4986958
4988045
4988337
4989736
4990455
4992252
4993857
4994183
4995403
4996274
4997171
4997627
4997914
4997999
4998407
4998451
5001441
5002444
5003542
5004920
5005565
5005770
5006082
5009990
5012009
5012099
5013194
5015590
5016431
5016758
5018454
5019430
5020081
5022374
5022613
5023245
5025506
5025533
5027143
5027316
5027616
5027876
5028208
5032544
5033220
5034251
5038769
5039468
5040185
5040404
5040912
5045071
5048126
5048316
5048885
5053700
5053758
5053972
5055063
5055505
5055894
5055978
5056034
5057416
5057609
5059514
5061522
5063773
5064395
5066465
5066886
5067300
5068914
5068953
5069336
5070357
5071875
5075913
5076168
5077742
5080153
5080337
5080529
5082345
5083951
5085273
5085665
5085712
5088793
5089930
5090927
5091925
5095317
5095603
5096195
5096767
5096993
5100557
5102637
5106922
5107567
5109671
5110614
5110767
5112624
5112815
5113748
5114126
5115438
5115636
5115937
5116194
5117315
5117878
5117935
5120201
5121327
5122027
5124905
5126693
5128044
5128334
5128339
5129433
5131331
5132514
5132758
5133190
5133786
5135995
5136545
5137124
5138743
5139447
5141282
5141462
5144306
5147833
5148717
5148828
5150244
5151736
5152301
5152567
5154713
5155512
5156797
5157431
5158955
5160062
5160540
5160769
5161949
5162483
5162689
5164360
5164369
5164475
5166470
5167965
5168492
5168786
5168932
5169072
5170398
5170761
5172537
5173068
5173082
5173312
5175435
5176345
5176579
5180462
5180775
5182062
5182474
5182511
5183571
5184452
5185224
5185241
5186058
5187990
5188457
5190090
5193056
5193862
5194972
5196088
5197973
5201140
5201186
5201687
5202449
5203475
5203670
5204283
5205109
5207688
5209153
5209315
5209786
5209978
5211072
5211093
5212753
5212866
5214568
5215435
5215452
5216687
5216768
5216975
5217958
5218078
5218380
5219607
5221973
5222065
5223971
5226981
5227016
5227493
5228187
5228761
5230424
5230828
5232230
5234461
5237028
5237042
5238137
5238719
5239350
5239587
5240521
5241476
5242033
5242939
5243065
5244350
5245514
5245622
5249688
5251160
5253969
5254082
5254278
5254346
5254493
5255485
5257721
5258200
5260053
5260278
5260351
5262805
5265247
5268973
5270739
5274906
5274920
5275031
5277475
5279441
5279509
5281232
5281466
5281668
5281859
5283043
5283531
5284311
5285318
5286258
5288484
5288723
5290021
5290823
5291261
5291427
5292508
5292718
5292784
5292804
5292984
5293958
5294347
5297264
5298731
5299530
5300042
5300515
5301702
5301793
5305845
5306427
5307313
5308614
5310048
5313993
5314001
5314042
5316697
5318991
5319250
5320557
5320789
5322659
5324545
5324668
5325202
5325414
5327422
5327438
5328877
5329733
5330437
5330504
5332224
5332730
5336809
5337151
5337958
5338184
5338694
5339291
5342678
5343886
5344103
5345504
5348638
5349095
5349216
5350477
5351044
5351410
5351692
5352283
5353752
5354018
5354267
5354711
5354814
5355896
5359015
5361341
5361394
5363450
5365458
5366205
5366760
5367896
5369777
5370181
5371740
5372141
5372520
5373093
5374448
5374908
5375483
5375900
5376099
5376858
5379411
5382952
5383230
5385551
5385827
5386878
5386887
5388096
5389547
5390902
5394550
5394702
5395196
5395426
5396349
5396414
5397593
5399101
5399786
5400001
5400883
5402122
5402185
5402189
5402552
5402811
5403792
5404409
5405914
5406391
5407238
5407263
5407429
5407745
5408162
5409272
5410616
5412078
5414351
5418064
5421710
5423685
5423926
5426586
5428858
5429832
5431004
5432784
5433356
5434729
5435209
5436685
5436767
5437109
5437187
5439675
5440218
5440846
5441726
5444363
5444571
5446300
5446801
5446904
5447905
5448591
5450199
5450403
5451034
5451468
5451959
5453582
5454940
5455751
5457077
5457611
5457727
5458773
5460991
5463415
5463892
5466228
5470071
5470925
5470938
5472755
5475348
5475776
5478192
5478521
5479420
5480164
5481880
5482008
5482931
5483215
5483756
5483932
5484263
5484308
5487142
5487144
5487287
5488606
5489073
5489956
5490430
5490754
5490835
5490862
5494011
5494373
5494749
5496403
5496946
5497939
5498462
5499078
5499114
5499215
5499939
5501464
5502028
5503410
5505364
5505981
5506468
5506695
5507523
5507800
5508346
5510192
5511992
5513656
5513712
5514079
5515193
5515507
5516514
5518474
5518707
5521584
5522762
5525628
5526058
5526783
5528754
5528780
5530136
5530546
5530553
5531591
5532169
5532968
5534308
5534798
5534995
5535399
5535762
5536188
5536578
5537242
5538297
5538417
5541324
5541533
5541796
5543134
5543891
5545089
5545689
5549305
5549312
5551146
5551396
5555163
5555606
5557984
5558523
5559938
5562014
5564213
5566805
5569880
5570109
5571594
5573769
5573949
5576852
5581410
5581658
5581773
5581885
5583143
5583367
5584262
5586369
5586466
5586969
5587212
5591204
5592149
5592154
5592263
5592485
5592585
5592707
5592890
5593260
5593831
5594370
5594438
5596955
5597115
5600413
5601014
5603857
5603890
5603998
5604672
5604826
5606032
5606090
5606166
5606424
5606556
5606798
5608033
5608159
5608365
5610772
5611629
5611722
5611824
5612273
5612632
5612978
5613262
5613621
5613925
5613963
5615543
5615798
5617310
5617529
5617675
5621879
5624782
5626487
5627927
5627990
5628133
5628245
5629869
5634982
5635053
5635854
5636314
5637071
5639216
5640096
5640493
5640768
5642843
5644726
5646914
5647830
5649201
5649301
5650400
5651043
5651792
5652870
5653834
5654262
5655546
5656420
5657074
5658571
5659146
5660057
5661072
5664884
5664968
5665796
5665912
5667364
5668233
5669024
5669534
5670083
5671688
5671982
5672638
5673183
5674495
5675105
5675161
5675263
5676068
5677398
5678927
5679505
5681041
5684480
5686749
5687149
5687181
5687790
5689147
5690724
5691295
5694404
5694915
5695125
5695294
5695609
5696128
5696813
5698475
5700070
5700322
5700511
5701460
5701563
5703181
5703577
5703986
5704427
5708404
5712315
5713891
5716184
5716303
5717774
5718570
5719441
5719634
5720061
5720304
5721884
5722168
5724637
5725430
5726028
5726170
5728515
5730607
5732349
5732542
5733214
5733607
5733936
5734364
5734739
5735314
5735848
5736476
5737244
5737465
5740472
5743238
5748893
5750428
5750429
5750587
5750935
5751492
5752177
5752263
5753048
5753576
5754169
5754370
5754768
5755306
5755601
5755691
5757554
5758493
5758563
5758793
5759282
5759714
5760780
5763281
5763893
5765242
5765253
5765384
5766973
5766981
5767080
5767153
5767634
5767986
5768637
5769065
5770015
5770451
5770466
5770761
5772612
5774856
5775785
5780168
5781774
5781858
5783417
5786092
5786922
5787531
5787689
5787992
5788264
5788862
5789285
5790407
5793039
5793378
5793835
5793955
5796599
5796905
5799356
5799374
5799388
5799807
5800370
5801071
5801314
5804166
5804554
5805542
5805647
5805946
5806318
5806907
5808158
5808791
5809237
5812205
5812338
5812532
5812846
5813631
5813748
5814497
5814652
5814847
5816003
5816348
5817206
5818184
5820988
5822032
5822928
5823886
5824257
5825441
5825810
5828665
5828988
5830267
5830757
5831972
5832039
5832887
5834521
5834606
5835802
5838534
5839091
5839359
5839390
5840276
5840466
5840519
5841476
5842377
5844747
5846404
5846702
5849683
5850645
5851078
5851140
5853689
5853771
5854300
5854413
5854610
5855613
5856185
5856808
5857548
5857744
5857799
5857917
5858639
5858660
5860557
5860953
5861047
5861324
5862162
5862350
5862788
5862882
5864551
5864879
5866677
5866855
5866979
5867068
5867252
5868090
5868518
5868983
5869435
5869762
5869909
5870710
5871479
5877710
5881402
5881504
5881862
5883744
5884234
5884413
5885065
5886948
5887312
5889428
5889752
5891547
5892733
5892765
5894273
5895105
5896380
5900594
5900720
5900805
5902143
5904348
5905552
5905836
5906656
5907792
5908586
5909104
5910191
5911489
5912280
5912548
5913086
5913789
5915785
5916346
5919661
5921801
5922329
5925431
5926741
5927365
5928721
5929374
5930205
5931724
5931770
5931877
5932781
5935257
5935373
5935444
5935655
5938684
5939450
5940346
5941133
5941762
5943456
5944302
5946049
5946106
5946245
5947726
5948058
5948134
5950744
5951369
5951426
5951740
5951938
5951975
5952063
5953316
5955039
5956299
5958503
5959992
5961182
5962592
5965119
5965303
5965479
5965734
5966569
5966799
5966818
5967593
5967614
5968856
5969507
5969705
5971954
5972861
5972896
5973679
5974919
5976027
5976193
5976383
5977734
5978984
5979354
5979421
5979980
5980183
5980863
5981463
5985036
5985207
5985576
5987631
5987889
5989084
5990754
5991425
5992393
5993892
5996175
5998009
5999354
5999440
5999632
6001903
6002575
6002724
6005743
6006095
6009522
6010516
6013638
6013747
6014505
6014918
6015339
6015573
6015740
6017118
6017956
6019132
6019417
6019969
6021900
6022252
6023139
6024003
6024389
6026075
6027080
6027232
6028895
6029523
6030266
6030952
6032290
6032610
6034459
6036315
6037242
6038690
6040155
6040452
6040857
6041027
6041995
6044220
6045288
6045893
6046069
6046695
6047593
6048061
6048219
6048703
6049324
6049857
6050839
6051854
6051957
6052408
6053405
6055640
6055679
6056415
6057689
6059057
6060461
6061483
6062742
6062807
6063998
6065403
6065426
6065674
6066455
6066838
6068063
6070241
6070681
6073662
6074063
6074284
6074373
6075988
6079959
6080053
6080636
6081628
6083172
6085159
6085963
6086671
6086858
6087178
6089635
6091375
6091848
6091993
6092582
6092613
6093339
6095548
6095928
6096800
6097178
6097622
6097981
6098230
6099905
6099922
6101184
6101968
6102129
6102265
6103216
6104056
6104728
6105313
6105654
6105854
6106917
6107662
6108833
6108934
6109955
6110627
6111769
6112004
6114709
6114811
6116561
6117104
6118449
6119502
6119596
6120167
6120723
6120868
6122258
6124023
6124905
6125303
6128453
6130249
6130256
6130577
6131015
6132087
6134634
6134920
6135152
6136191
6136362
6136526
6138394
6140193
6141136
6141736
6141746
6142237
6142273
6142486
6144196
6145020
6149453
6150011
6151697
6151975
6152715
6153229
6154732
6155545
6155789
6156234
6156880
6157240
6157266
6159119
6159623
6161364
6161790
6163723
6164395
6164546
6164798
6166045
6166990
6170420
6170994
6172511
6173123
6173477
6174577
6176060
6176092
6178018
6178050
6178834
6179476
6180024
6180229
6180318
6180775
6180801
6182857
6182907
6183106
6184260
6184748
6187430
6188279
6188944
6189109
6191956
6193033
6193562
6194173
6194323
6194849
6195245
6195519
6195887
6197463
6197790
6198779
6200514
6200840
6201029
6201853
6201928
6201962
6202496
6202862
6203345
6204003
6204576
6204735
6205416
6205436
6205511
6206600
6207131
6208406
6208553
6209654
6209808
6210462
6211588
6211738
6213245
6213856
6215729
6215908
6216633
6217550
6218793
6218929
6221209
6221645
6221752
6222213
6222220
6223013
6224449
6227286
6229326
6231960
6232520
6232568
6234375
6236237
6237373
6239466
6240187
6240643
6240882
6241324
6242348
6243595
6244086
6244789
6245046
6246444
6246833
6248019
6248310
6248500
6248650
6249696
6250239
6251763
6254232
6254332
6254831
6255301
6256909
6256974
6257789
6258370
6258485
6259873
6263472
6265688
6266787
6266852
6267574
6267732
6268904
6269851
6271821
6274503
6274646
6275354
6277272
6279347
6281538
6282951
6283637
6283650
6283693
6284414
6286707
6289296
6289339
6291626
6292461
6292868
6295434
6295611
6296130
6298208
6299294
6299667
6300000
6302423
6304616
6304671
6305285
6306223
6308005
6308098
6308104
6309916
6310296
6311679
6311878
6313949
6315377
6315591
6316363
6317546
6319680
6321993
6322049
6323878
6324975
6327525
6329338
6329519
6330694
6331230
6331550
6333325
6334913
6336974
6338208
6341162
6341773
6342413
6343993
6344319
6344373
6344783
6346526
6346694
6347038
6348119
6349981
6350513
6351139
6351296
6351401
6352091
6353839
6353906
6354204
6354821
6356338
6356417
6357393
6359638
6360377
6360862
6362787
6364153
6364877
6364913
6366727
6367740
6368901
6368980
6369233
6369722
6369875
6372043
6372399
6373644
6373816
6376422
6376996
6377620
6378292
6378432
6378559
6378962
6384631
6386693
6387000
6387493
6388261
6388611
6390449
6391175
6391705
6392878
6393843
6394018
6394148
6394635
6395247
6395271
6397180
6397227
6397409
6398753
6398995
6400664
6402820
6403152
6404640
6404854
6405073
6406014
6408459
6409454
6410676
6410969
6411071
6413205
6414066
6416547
6416968
6418179
6419316
6419951
6420843
6425500
6426772
6427343
6429072
6430529
6432115
6432614
6433791
6434979
6435030
6435976
6436490
6436555
6437690
6438443
6439235
6439513
6441893
6442573
6444199
6445024
6445568
6447932
6448553
6449363
6450386
6451592
6451858
6452419
6453697
6453706
6454690
6458287
6458328
6460110
6460300
6462502
6464518
6468713
6469476
6469689
6471680
6472243
6472615
6472711
6474643
6476581
6480527
6481221
6482355
6483444
6485000
6485529
6488479
6488971
6489463
6492059
6492483
6492604
6493494
6493542
6493948
6495054
6495908
6497159
6497421
6497898
6497903
6498226
6498265
6500196
6500681
6501885
6504252
6505222
6505668
6505705
6505853
6506252
6506380
6506926
6508415
6508419
6509728
6510368
6510509
6511815
6512754
6513704
6515054
6515143
6515259
6515727
6517396
6517538
6520333
6520404
6520420
6520459
6527516
6529335
6531050
6531199
6531558
6532216
6533380
6534021
6535604
6536275
6537307
6538084
6538257
6539297
6539671
6540299
6541505
6547554
6547933
6549363
6550131
6553362
6553459
6553959
6556968
6557358
6557830
6557924
6560253
6560430
6560783
6561743
6561756
6563454
6563962
6564190
6564506
6564977
6565645
6566750
6567244
6567483
6569569
6578450
6579144
6579702
6580259
6581089
6583468
6587416
6587453
6587771
6588516
6588814
6589684
6590761
6591868
6592096
6594768
6594965
6595843
6596679
6597008
6597513
6597555
6599387
6600075
6600968
6601270
6601489
6601852
6604211
6606867
6608453
6611742
6611912
6620721
6621385
6621418
6621595
6623123
6623796
6624037
6625164
6625498
6627974
6628231
6630338
6633961
6635502
6638073
6638239
6639017
6640527
6640615
6642814
6643014
6643394
6643803
6647165
6648905
6649150
6651653
6652982
6654512
6655164
6657655
6657836
6658205
6658909
6659841
6662008
6663208
6664245
6664999
6665221
6665403
6665488
6666409
6668611
6668830
6670358
6670539
6671629
6671760
6673015
6673044
6676176
6676213
6676238
6679064
6679964
6681165
6681259
6681914
6682021
6682755
6684059
6685086
6685717
6686655
6687114
6687600
6689051
6689750
6690446
6690493
6691508
6692525
6692825
6693496
6693865
6694472
6695236
6695261
6696703
6697494
6698938
6699323
6700907
6701297
6701536
6702554
6703577
6703808
6704688
6706867
6707979
6708496
6709238
6709813
6710527
6710712
6711559
6712036
6713026
6713144
6714473
6714699
6715190
6717470
6718589
6719789
6720200
6721065
6722133
6725037
6726430
6726983
6728152
6728279
6729074
6729386
6730611
6731216
6733654
6734652
6734710
6735553
6736151
6737658
6737775
6739309
6739507
6741599
6742007
6742645
6743751
6743903
6744059
6744331
6745691
6745813
6746506
6747823
6747968
6748088
6748100
6749563
6751950
6752091
6752167
6752589
6753056
6753736
6753879
6753933
6758509
6759228
6759940
6764310
6764736
6764783
6767682
6768307
6769165
6769475
6770226
6770505
6771042
6772297
6773116
6773372
6777455
6780813
6782418
6782828
6784167
6784920
6785208
6788114
6791677
6792028
6793101
6793319
6799009
6799373
6799896
6800312
6802211
6804681
6805111
6805201
6805924
6806445
6807218
6807285
6807693
6808214
6809989
6810514
6811668
6811733
6811898
6812100
6813312
6814541
6815561
6815564
6815581
6816051
6817358
6818586
6819089
6821321
6822450
6822558
6823513
6825593
6825751
6825903
6827877
6828094
6831934
6832130
6833084
6833618
6834206
6834541
6835058
6835962
6837067
6837921
6838196
6838808
6839677
6840456
6841260
6841379
6841411
6842840
6843173
6843725
6844329
6844374
6845121
6845807
6845934
6846105
6846175
6848446
6849051
6849855
6849985
6850269
6850469
6851617
6853232
6853980
6855191
6857022
6857151
6857867
6858152
6867242
6867969
6869173
6869290
6871478
6872219
6874368
6874470
6874954
6875074
6878196
6878860
6879964
6880074
6880780
6881613
6883759
6883923
6884653
6885477
6889801
6891241
6893734
6894375
6894568
6895322
6896016
6896277
6896949
6897638
6899444
6899722
6899935
6900613
6900643
6900672
6900811
6901755
6902152
6903989
6904094
6904283
6904712
6904889
6905564
6906519
6906870
6909266
6910432
6911377
6911920
6912170
6912390
6913128
6916545
6919694
6920252
6920337
6922095
6923067
6923424
6924386
6924715
6925688
6926115
6926832
6927930
6929331
6930703
6930834
6930947
6931213
6931343
6931643
6931854
6932519
6935831
6936516
6937781
6941720
6942268
6945191
6945412
6945525
6946447
6946537
6950661
6951645
6952170
6952513
6954730
6956492
6957356
6958199
6958524
6958598
6958696
6960071
6960614
6960773
6960779
6963553
6963746
6963796
6964668
6967889
6969071
6969357
6969376
6970436
6972486
6972570
6972713
6973141
6973892
6974216
6974510
6974608
6975174
6977403
6979117
6979490
6980160
6982159
6982796
6983868
6985569
6985777
6988415
6989220
6990777
6991787
6992038
6992311
6993168
6994042
6994288
6995614
6996398
6996898
6998013
6999405
6999640
6999985
7000902
7003355
7004778
7005228
7006396
7007175
7008145
7010122
7011834
7012766
7017752
7017805
7019217
7019635
7022774
7024034
7024752
7024875
7025552
7026060
7027932
7029190
7029353
7029746
7029836
7030454
7030708
7031128
7031566
7035057
7035568
7038342
7038620
7039876
7042026
7043669
7044441
7048647
7050231
7051461
7054521
7055618
7057130
7058438
7061417
7061421
7062449
7063739
7064431
7064610
7065001
7065401
7065713
7066531
7069586
7070273
7070793
7070818
7071655
7072232
7072513
7072689
7073964
7074753
7074865
7076077
7078449
7078474
7080452
7081335
7083666
7084547
7087116
7087528
7091044
7091046
7091672
7092565
7093683
7096516
7097151
7097772
7098925
7101147
7102005
7104374
7104436
7104514
7104562
7104604
7105635
7106477
7106579
7107175
7107177
7108471
7109576
7111036
7111435
7112039
7112541
7112821
7113471
7114337
7114759
7115523
7116328
7116363
7116871
7116983
7117453
7117848
7118342
7124019
7127555
7128123
7130545
7131374
7131667
7132698
7139223
7139271
7139685
7139833
7140466
7140978
7141259
7141271
7142221
7143618
7144720
7145449
7145693
7146531
7147036
7147587
7148676
7149539
7150030
7151485
7152159
7154376
7155196
7155267
7155563
7158671
7159532
7160165
7160402
7162554
7163461
7163737
7163864
7164408
7164563
7165712
7166057
7166184
7166314
7166870
7167392
7167680
7169680
7170413
7170800
7173174
7173226
7175719
7175852
7177638
7177806
7180438
7181240
7181395
7182742
7182932
7182966
7184090
7185316
7185861
7187308
7187350
7193575
7195352
7195670
7195740
7198915
7201861
7203458
7204624
7204941
7207784
7208114
7209130
7210008
7210587
7211725
7212310
7214189
7215036
7215463
7216996
7217480
7220293
7221248
7221465
7221778
7223297
7223837
7223917
7224404
7225164
7225833
7225988
7226029
7226100
7227073
7228711
7229631
7230661
7230770
7231271
7231301
7236139
7237648
7240534
7241599
7242071
7242294
7242482
7242718
7242933
7243523
7243815
7243870
7244493
7245283
7245575
7245698
7245719
7246154
7247594
7247698
7249668
7250322
7250545
7250635
7252258
7253286
7253508
7257187
7258160
7259707
7260651
7261001
7262339
7262712
7263258
7263653
7264730
7267964
7268399
7270443
7271597
7272851
7273078
7273303
7273566
7274579
7275184
7275666
7276412
7276451
7278484
7278514
7279937
7282759
7283360
7283464
7284281
7284737
7287583
7287632
7288208
7288456
7288713
7289114
7289153
7289600
7289833
7292900
7292950
7293302
7295023
7295760
7298553
7298949
7299295
7299851
7299963
7300119
7300486
7300789
7301762
7301945
7302287
7303005
7303122
7304083
7304214
7304399
7304890
7305925
7307949
7309026
7309645
7311368
7313968
7314257
7317897
7318561
7319199
7319462
7321771
7325638
7328657
7329473
7330538
7331199
7331607
7332088
7334107
7334692
7335342
7335520
7336565
7338134
7339024
7339986
7342305
7343766
7347139
7347464
7348307
7348764
7349206
7349443
7353233
7353416
7354086
7356084
7356207
7357192
7358204
7361754
7363085
7364717
7366064
7367271
7367296
7367962
7368765
7369985
7373563
7374042
7375550
7376669
7377222
7378819
7382861
7383268
7384568
7388111
7388762
7390455
7390804
7391131
7391472
7392084
7392512
7393409
7394863
7396425
7396814
7397616
7398387
7401102
7402470
7402798
7403148
7404069
7404795
7406137
7407908
7409965
7411332
7411574
7411853
7412138
7412346
7412525
7414852
7419602
7419750
7422346
7425628
7426477
7426697
7429942
7430569
7431286
7432147
7433165
7433676
7433723
7434521
7435033
7436279
7438506
7438802
7438958
7439383
7439492
7440689
7442226
7442305
7442993
7444796
7449918
7450319
7450675
7452343
7452636
7453082
7453083
7453270
7453596
7454420
7456193
7456432
7458953
7459710
7461029
7462290
7463232
7466230
7467459
7467747
7469083
7469811
7470325
7470645
7472257
7472956
7475018
7475860
7476588
7479270
7479879
7480297
7481764
7482891
7483538
7483876
7485490
7485537
7488309
7488344
7489299
7490826
7491364
7491867
7493393
7493766
7494417
7494612
7495649
7495743
7496089
7496452
7497071
7498349
7499906
7500549
7501297
7501545
7502190
7502229
7503143
7503716
7505564
7506232
7507053
7507383
7507821
7508566
7509394
7509572
7513599
7515445
7518028
7519013
7519996
7520248
7520470
7520954
7524029
7524916
7528173
7531315
7531446
7532222
7533289
7533302
7534724
7535039
7535634
7537028
7537345
7537399
7538802
7538876
7541437
7542621
7545636
7547910
7548891
7549259
7549770
7549946
7550109
7550153
7550519
7551149
7551401
7551726
7553834
7555611
7556399
7558565
7559837
7561586
7564797
7565654
7566457
7569890
7571224
7571302
7572344
7573026
7574596
7576959
7576999
7580686
7581623
7581997
7582621
7583355
7583403
7583626
7584645
7585670
7585918
7586888
7587402
7587590
7588212
7591235
7591308
7593220
7594684
7595643
7596553
7596577
7598699
7598720
7600803
7603550
7604071
7604178
7606818
7607361
7607586
7607610
7609763
7610746
7611552
7614203
7615890
7618123
7622761
7623197
7626231
7626871
7628265
7628719
7629057
7630111
7630836
7630888
7631820
7633999
7634305
7635095
7635806
7636846
7638261
7639972
7640029
7640351
7640506
7642134
7642716
7644073
7644458
7644523
7644542
7646157
7647041
7647173
7648705
7652548
7654007
7654014
7654643
7655262
7657175
7657568
7657771
7659587
7661742
7662668
7663092
7663246
7663356
7663529
7664717
7668342
7670186
7670756
7671392
7672068
7673606
7674298
7674984
7675597
7676838
7677805
7679014
7680125
7680359
7681197
7681624
7681830
7682560
7682703
7682942
7683972
7686565
7687906
7688268
7688442
7689876
7695019
7698675
7699638
7700211
7700625
7700765
7702421
7704536
7705135
7706036
7706071
7706491
7707833
7708027
7710096
7710873
7711264
7711755
7713363
7713973
7714033
7714402
7714631
7718772
7720457
7722803
7723140
7723167
7723275
7725282
7726196
7728653
7731716
7734399
7735114
7736114
7737661
7737902
7738141
7739041
7739197
7739765
7740681
7742011
7743112
7743406
7743902
7744223
7744479
7746832
7746949
7747132
7748073
7748534
7748541
7749191
7749506
7752095
7752795
7755099
7755859
7756087
7756253
7756600
7756749
7760133
7761162
7761326
7763458
7764238
7764283
7765132
7767243
7767265
7770164
7770632
7771510
7771683
7774127
7774504
7774627
7775120
7775819
7777187
7777433
7779309
7779695
7780437
7782860
7783299
7783643
7783857
7784288
7784607
7785914
7786816
7786943
7789372
7789613
7792617
7793356
7793389
7794235
7794775
7794808
7795436
7797429
7797506
7797734
7797909
7798605
7798913
7798954
7799218
7799911
7800361
7801210
7801576
7801663
7802078
7802298
7806348
7806513
7807383
7808480
7808841
7809611
7810163
7811674
7814118
7814310
7814446
7815186
7815597
7816496
7816772
7816961
7817444
7817939
7819201
7819670
7822981
7825640
7825743
7826674
7830938
7832945
7833105
7833955
7834697
7837262
7837782
7838047
7838264
7838566
7840311
7840822
7841035
7842902
7844068
7846116
7848106
7849361
7851562
7851883
7854307
7855830
7857307
7857488
7857790
7859070
7859944
7860357
7861781
7861939
7861941
7862031
7864263
7866573
7867930
7869260
7869365
7869926
7869980
7870599
7872394
7872643
7872791
7872987
7873163
7874909
7875060
7875639
7876162
7878475
7879129
7880185
7880372
7880617
7880766
7881894
7881995
7883320
7884297
7885256
7885479
7886366
7887266
7889074
7889838
7890828
7891196
7891209
7893375
7893647
7894666
7894797
7895912
7899227
7899507
7899794
7900058
7900870
7901356
7904753
7905695
7906849
7907494
7907890
7908768
7908915
7910702
7913774
7914288
7915492
7916470
7918249
7918702
7918721
7920928
7921387
7921490
7921600
7922043
7922377
7923975
7926290
7926780
7927166
7927507
7927918
7929072
7930275
7930331
7931680
7932550
7933057
7933579
7938701
7938964
7939052
7940852
7942421
7945553
7945954
7949767
7952364
7952760
7953272
7953987
7954090
7954966
7956515
7960677
7960705
7961821
7962393
7963345
7963513
7964439
7965415
7966439
7967177
7969782
7972154
7976359
7977797
7978633
7982166
7982254
7982596
7983018
7983208
7984336
7984464
7985823
7986011
7987433
7989824
7990199
7990556
7990947
7991522
7991783
7992135
7993222
7993896
7994760
7995949
7999109
7999196
8000861
8001059
8002984
8004829
8006638
8007717
8008220
8009016
8009846
8011610
8011810
8013939
8018500
8019691
8021564
8022203
8023722
8026088
8027004
8030166
8030310
8030609
8032708
8033161
8033518
8033879
8035407
8035819
8036794
8037384
8037598
8040657
8042327
8045776
8048959
8049460
8051057
8051187
8051609
8052104
8052257
8054577
8056173
8058182
8059219
8059444
8060393
8061003
8061127
8061537
8062283
8062323
8062542
8062947
8064770
8066564
8067756
8068221
8070928
8071204
8072005
8072269
8072629
8073213
8074045
8075174
8075897
8075967
8077526
8078776
8079933
8082122
8082225
8082441
8086222
8087137
8087253
8087472
8088732
8089018
8089492
8090438
8090525
8090671
8090941
8091001
8092903
8093004
8093150
8093559
8094427
8095848
8096316
8097339
8098490
8100307
8100357
8100853
8101904
8102687
8103564
8103827
8103941
8104405
8104632
8105582
8107759
8109184
8109346
8111377
8111512
8112375
8113175
8114473
8114524
8115378
8115898
8118485
8118749
8119763
8120053
8120089
8120250
8120833
8121033
8121290
8121299
8121466
8121775
8121851
8123080
8124345
8126425
8127722
8129308
8131427
8131783
8131848
8132973
8133136
8133577
8133702
8135279
8138607
8139226
8145699
8148487
8148914
8149081
8150851
8152318
8153422
8153426
8154405
8154730
8155525
8155610
8159045
8159619
8160684
8161583
8161704
8161872
8162313
8162729
8164616
8164829
8168237
8168390
8169139
8171298
8176376
8178473
8181455
8181814
8181915
8182732
8183662
8184203
8184984
8185703
8186929
8189989
8190124
8191453
8192383
8195945
8195957
8196056
8196834
8197264
8198222
8199647
8199907
8201238
8203537
8204624
8204929
8205166
8205674
8206100
8206335
8206569
8207933
8209217
8209996
8210014
8210508
8210783
8215038
8215527
8218860
8219073
8220532
8225773
8225907
8226026
8226191
8226279
8229129
8231718
8233636
8233989
8234050
8235834
8235983
8238539
8239271
8240952
8241965
8243492
8249180
8249278
8249590
8250013
8252376
8253396
8253411
8255358
8257528
8258183
8258423
8261448
8261555
8262331
8262339
8262617
8262884
8263921
8267736
8273932
8274951
8274969
8275593
8275826
8277467
8278729
8280008
8283264
8284507
8284537
8289638
8291454
8292703
8292793
8293879
8294553
8295298
8295347
8297586
8300084
8300107
8300145
8302580
8302899
8304450
8304726
8306005
8306250
8306325
8306607
8307042
8308959
8310891
8311729
8313511
8315119
8315541
8316544
8317057
8321665
8322119
8322264
8323709
8325746
8326431
8326691
8326704
8328996
8329882
8331433
8333447
8335067
8336033
8336398
8336461
8342215
8343102
8343494
8344445
8344896
8345622
8347182
8348081
8350358
8350428
8351151
8352706
8354634
8355401
8355567
8355832
8356585
8357182
8357742
8362855
8363804
8363812
8364287
8364760
8364869
8368297
8369352
8371953
8378446
8380306
8382852
8383926
8385115
8386226
8386250
8386875
8390908
8392116
8392405
8393534
8393549
8395611
8396747
8397514
8397765
8398640
8400453
8401815
8402292
8403995
8404434
8404483
8404571
8405483
8406676
8407546
8407675
8408186
8408938
8410541
8411127
8411730
8414738
8415227
8416925
8418671
8419317
8420383
8422987
8423028
8423413
8423782
8423797
8423998
8427833
8429450
8431510
8431714
8432922
8435048
8435097
8435829
8436909
8436999
8440433
8442163
8443088
8443323
8443925
8445006
8445158
8445270
8446858
8447662
8447760
8449285
8449629
8451399
8452632
8455137
8455299
8455595
8456028
8456196
8458356
8459470
8459757
8459821
8460264
8460470
8462746
8463396
8463705
8464451
8464510
8464574
8465136
8466173
8466446
8466842
8467690
8468942
8469589
8470921
8471805
8471856
8471905
8473044
8475903
8476048
8477838
8478698
8481301
8482178
8483230
8484238
8484363
8486091
8487179
8487583
8488178
8490321
8491669
8492370
8492545
8493497
8493831
8496349
8497276
8497646
8497915
8498427
8504352
8506072
8508281
8508353
8508686
8509654
8510404
8511015
8513287
8513590
8514076
8516845
8518270
8519047
8519082
8519183
8519453
8520626
8521727
8523081
8524196
8526857
8526988
8527309
8528970
8529213
8531593
8532328
8532395
8532414
8532896
8532914
8533720
8537872
8538561
8539220
8540006
8540656
8541627
8541935
8542850
8543306
8544481
8544574
8544906
8546123
8549932
8550159
8550187
8550595
8550689
8550786
8551384
8553355
8553815
8555484
8555564
8556496
8556612
8556888
8558667
8559001
8559612
8561178
8562253
8562809
8564049
8564296
8566609
8567446
8568960
8569929
8572557
8572712
8575776
8576278
8576721
8576899
8577223
8578248
8580538
8581156
8581317
8582231
8582902
8583185
8583996
8584471
8585685
8585718
8585964
8587790
8589414
8589803
8591633
8593231
8593288
8593409
8594218
8594350
8594971
8595207
8596494
8598351
8601281
8602486
8605078
8605783
8606314
8606438
8607499
8607607
8607688
8608373
8609510
8611095
8612305
8613386
8613414
8613782
8613926
8616979
8618997
8619273
8619802
8620904
8620937
8622701
8623253
8624527
8624969
8626195
8626602
8627225
8627969
8628741
8629838
8629978
8631157
8631322
8631883
8633915
8634643
8635166
8636429
8637134
8637577
8637581
8642021
8644532
8645032
8645349
8645429
8645929
8647175
8648072
8648354
8649948
8651757
8651969
8652409
8654513
8654973
8656926
8657423
8658059
8658978
8661727
8661939
8662936
8663788
8664008
8664533
8664762
8665590
8665953
8666239
8666949
8667358
8667587
8667730
8668322
8668587
8669296
8670952
8671823
8673298
8674278
8674763
8677475
8680770
8681366
8683565
8687395
8689629
8690531
8690588
8697121
8697597
8701072
8703198
8703214
8704890
8705235
8706764
8707628
8707780
8709062
8709798
8710363
8710368
8710670
8710724
8710895
8711050
8713369
8713434
8714096
8714266
8714855
8717308
8717332
8717458
8718787
8718813
8719664
8720718
8721011
8724451
8725001
8725211
8727114
8727161
8729098
8730857
8731680
8732398
8733134
8733485
8734475
8735960
8737863
8738175
8738289
8739735
8739889
8741039
8743806
8744227
8745708
8745790
8746514
8746778
8747156
8747832
8748903
8750705
8751436
8751566
8751707
8752811
8753320
8753843
8754275
8754441
8754728
8754771
8755147
8755554
8758057
8758282
8760235
8760518
8764652
8765972
8766007
8766220
8766688
8767521
8767679
8767717
8768296
8772237
8772284
8772439
8772737
8775497
8777232
8777913
8778309
8778489
8778631
8778984
8781710
8783542
8784343
8785495
8785496
8786711
8787400
8789007
8790317
8790698
8791382
8792226
8792297
8794585
8795058
8795434
8795914
8796312
8796531
8798414
8798595
8798719
8800350
8801489
8801532
8801588
8802265
8802267
8803339
8803456
8805784
8805982
8807971
8808151
8809756
8809973
8810296
8813159
8813356
8813660
8814211
8814295
8816765
8817249
8818435
8819074
8822575
8823576
8824325
8824459
8824523
8824750
8825358
8826984
8828533
8829737
8830843
8831402
8832262
8832419
8832757
8833115
8835929
8837112
8837168
8837360
8837394
8837641
8839644
8839747
8841461
8841551
8843935
8844730
8846461
8846787
8847025
8847792
8848004
8851674
8853477
8854200
8855615
8855778
8855782
8855922
8856588
8857525
8857638
8857962
8859035
8860989
8862406
8863117
8864451
8864741
8865514
8867171
8869272
8875061
8875221
8877175
8878118
8878199
8878592
8879821
8879935
8880140
8881525
8881537
8881772
8881888
8882626
8883615
8887839
8888875
8888913
8889030
8889220
8889296
8889513
8890541
8890771
8891938
8893869
8895230
8895657
8897497
8898658
8899435
8899764
8900702
8902954
8904620
8905003
8905127
8908196
8908289
8908346
8909161
8909578
8910370
8910638
8910790
8911056
8912040
8912375
8913011
8916362
8917138
8917366
8918012
8918514
8919597
8921023
8921762
8922889
8923545
8924732
8925052
8925218
8926152
8926769
8926972
8927055
8927274
8929100
8929374
8930445
8933698
8933793
8934656
8934800
8936241
8936896
8937274
8937741
8940338
8940936
8943976
8944005
8945492
8946882
8948531
8949277
8949293
8949963
8950264
8951486
8954193
8954870
8955413
8955565
8956250
8956969
8957223
8960446
8960840
8961549
8965628
8965717
8966170
8968858
8968916
8969539
8969835
8970496
8972251
8972800
8973164
8973508
8977725
8979200
8979766
8980174
8981327
8981754
8981893
8983178
8983600
8984142
8984430
8989678
8990578
8991014
8991192
8992092
8993597
8994369
8997566
9000484
9000651
9000808
9000843
9000951
9001595
9002304
9002972
9003005
9003044
9003294
9003943
9005149
9007204
9007406
9010967
9012092
9012896
9013156
9014920
9015253
9015297
9015331
9015570
9015878
9016456
9017524
9017712
9024682
9025231
9025807
9026189
9027240
9027396
9027521
9027858
9028709
9029343
9030352
9031234
9031461
9031815
9031978
9032405
9032995
9033110
9033624
9034045
9034642
9035134
9037253
9037678
9040796
9041029
9041114
9041543
9042641
9044458
9046453
9048480
9049965
9053916
9054152
9054396
9054533
9055476
9061265
9061408
9061588
9062130
9063242
9063690
9065061
9066087
9066738
9067271
9068860
9069177
9069899
9070095
9070674
9072483
9075739
9078443
9079017
9080756
9081170
9082577
9084384
9084749
9085859
9087310
9087376
9093178
9093554
9094230
9094769
9096117
9096676
9097308
9097795
9097988
9100281
9100391
9100929
9101141
9101402
9101483
9103228
9103759
9104465
9104787
9105159
9105309
9105481
9106304
9109166
9109181
9109575
9109927
9109969
9111267
9111465
9112786
9114384
9114406
9115390
9117709
9118928
9120245
9122856
9123111
9123385
9123847
9123971
9125090
9126135
9126665
9127776
9129123
9129358
9129724
9131995
9132081
9132844
9134601
9135216
9135908
9137511
9137573
9138101
9138978
9139185
9139456
9139966
9140176
9140852
9142944
9144200
9144360
9145305
9146437
9147577
9147841
9148825
9149668
9150146
9150737
9151697
9151907
9151929
9152181
9152952
9154836
9155752
9159102
9159856
9160198
9160621
9163456
9164555
9167207
9168733
9169335
9169858
9172473
9173204
9173466
9175360
9176381
9176502
9177428
9179199
9179319
9180317
9184880
9186478
9191650
9192096
9192182
9192738
9193019
9194246
9195257
9195534
9197684
9198375
9198723
9198768
9201740
9201932
9203270
9205657
9205806
9206015
9206204
9208342
9209361
9210729
9212379
9213319
9213336
9214716
9215253
9215333
9216794
9219026
9219238
9220407
9221221
9221827
9221830
9222223
9222777
9222859
9223034
9223849
9224610
9224641
9227823
9227934
9229286
9232826
9236421
9236505
9237122
9237255
9238671
9239930
9240363
9241189
9241798
9241988
9243135
9246507
9246770
9248972
9249294
9249642
9249981
9249997
9250022
9250371
9250445
9253177
9254857
9259630
9261375
9263513
9264815
9267209
9268141
9269431
9270525
9271247
9271950
9272151
9273697
9274009
9275325
9275412
9275489
9276943
9280887
9281606
9282964
9283892
9284208
9285281
9285617
9285847
9287842
9290290
9291352
9292707
9292850
9294526
9294953
9296208
9296464
9296854
9297172
9297331
9297514
9298011
9298642
9300446
9300730
9302878
9302907
9303230
9303986
9304441
9306005
9306111
9306647
9306734
9307474
9308422
9309799
9310086
9312205
9313025
9315558
9318889
9318937
9319574
9320467
9320562
9320649
9321513
9321854
9322455
9324694
9325347
9329247
9329401
9329767
9330199
9330313
9330628
9331092
9331676
9332405
9332531
9334449
9334937
9335954
9336793
9338633
9340057
9340906
9341863
9342071
9342519
9342733
9343576
9343892
9346010
9348993
9350191
9352716
9353447
9356879
9357031
9358281
9359334
9360038
9361367
9362183
9362820
9363139
9363470
9363724
9364886
9365199
9366344
9366848
9368409
9369656
9369739
9369964
9372534
9373739
9374533
9374539
9375252
9375626
9376042
9377333
9378700
9380954
9381047
9382501
9383580
9384502
9384950
9385443
9385544
9386283
9387176
9387877
9388265
9388831
9389327
9390358
9390509
9390946
9391537
9391732
9391884
9393271
9393375
9396098
9397637
9398753
9399929
9400408
9401428
9402144
9402360
9403779
9403876
9404374
9406265
9406376
9406412
9406490
9406702
9406885
9408812
9409141
9411336
9411741
9412806
9412910
9414448
9414534
9415476
9415530
9416910
9418183
9418536
9418830
9419465
9423867
9425121
9428530
9428622
9429172
9429438
9430231
9430798
9431170
9431226
9431480
9432517
9432736
9433648
9433810
9434519
9434846
9435664
9436339
9438693
9438909
9439754
9440025
9442402
9447527
9448061
9450039
9450563
9451374
9453483
9454068
9454985
9456162
9457057
9457145
9457592
9458140
9458728
9459115
9459800
9460030
9460137
9460371
9460500
9461637
9463493
9463604
9464095
9464129
9464235
9464237
9465509
9465758
9465932
9466910
9466940
9467482
9470174
9470941
9472820
9473281
9473568
9474850
9474988
9476251
9477131
9478298
9480848
9484405
9485299
9485407
9492044
9492310
9492415
9493971
9494639
9497142
9497618
9499073
9499239
9499361
9500076
9500195
9500608
9500961
9501109
9501734
9505460
9505639
9506511
9507977
9507978
9508054
9508905
9509024
9509037
9509274
9509913
9511405
9512238
9512601
9516298
9516614
9516932
9517530
9518201
9518572
9519765
9522132
9522425
9522960
9523136
9523578
9524157
9524341
9524880
9525567
9525605
9527004
9527151
9527431
9527484
9527640
9528154
9528791
9531485
9532226
9532271
9532436
9532437
9532753
9533119
9533609
9534949
9535281
9535388
9535481
9536357
9537987
9539616
9539845
9540009
9540046
9540374
9542624
9543057
9543836
9544112
9544747
9545703
9545727
9546267
9546547
9547413
9547675
9547732
9548061
9548229
9548447
9549362
9550105
9552057
9553121
9553379
9555667
9555903
9556711
9557698
9557735
9558339
9560692
9561854
9561903
9563736
9564654
9564809
9564990
9565309
9565599
9567592
9568386
9568711
9575494
9576551
9576739
9577083
9577796
9578553
9578630
9579832
9582001
9582828
9584674
9584850
9584984
9585690
9586759
9587222
9587230
9589417
9589499
9592012
9592235
9593352
9595158
9597409
9597444
9598238
9598585
9599485
9600909
9603238
9604442
9605950
9607208
9608230
9609184
9609926
9610900
9611251
9611667
9612089
9614177
9614370
9614372
9614676
9615999
9617630
9619980
9619990
9620169
9620248
9620985
9621162
9622140
9623421
9623555
9624202
9624288
9624782
9625955
9625966
9627338
9628941
9629356
9630974
9631121
9631665
9633111
9633298
9635494
9635666
9635853
9636767
9636903
9637071
9637108
9637417
9637775
9638900
9640044
9640265
9640924
9642455
9642746
9644740
9644882
9645225
9647733
9647762
9648273
9648338
9648465
9648819
9651697
9654092
9654186
9655332
9658427
9660221
9660477
9661765
9661818
9665702
9666323
9668633
9670187
9672009
9672577
9672942
9673062
9675326
9676748
9676884
9679404
9679627
9681099
9682887
9686056
9686318
9687828
9687885
9687919
9688558
9690706
9693913
9695231
9695412
9697110
9697260
9697995
9699607
9699875
9700196
9700297
9702633
9703267
9704358
9705327
9705652
9705823
9705896
9708036
9708224
9710213
9711676
9714604
9714917
9715913
9718459
9718975
9720886
9722776
9723236
9723629
9726414
9726625
9727250
9727819
9728643
9729796
9732306
9732660
9733187
9733904
9735016
9735026
9735255
9736860
9737106
9737609
9738712
9738784
9739498
9740675
9745010
9745450
9745535
9745537
9747405
9750088
9753780
9753876
9753939
9756452
9757291
9758136
9758978
9760897
9762653
9763451
9765277
9766083
9766260
9767856
9767872
9768601
9770093
9770237
9770983
9771814
9773342
9773584
9773775
9773993
9777491
9777773
9777931
9778228
9778324
9780040
9780302
9781962
9782229
9783595
9785426
9786364
9786682
9788847
9788915
9789728
9790271
9791446
9793081
9794858
9795835
9795904
9799590
9800146
9800275
9801008
9802061
9802537
9803323
9805232
9806344
9806382
9806489
9807202
9807761
9809957
9810095
9812435
9813304
9813470
9817917
9818031
9818786
9819458
9819504
9819768
9819919
9820798
9820993
9821687
9825801
9825850
9825931
9826652
9827524
9827529
9827918
9828257
9828348
9828620
9829966
9831163
9831730
9831734
9832697
9833262
9835538
9835681
9835936
9837355
9837423
9838162
9839901
9840945
9841573
9844866
9845873
9845898
9848009
9849758
9850837
9851420
9853192
9853283
9855062
9855756
9856828
9857659
9858081
9858118
9861152
9863295
9865562
9866426
9866668
9869305
9870130
9870199
9871006
9873827
9873936
9874408
9874904
9875843
9875920
9876199
9876253
9876803
9879262
9880398
9880409
9881129
9881207
9882224
9882837
9885551
9886058
9886516
9886805
9887463
9887576
9888309
9890934
9891450
9891972
9892294
9893149
9893457
9894055
9894159
9894627
9895237
9895257
9898727
9899911
9900158
9900982
9902523
9902993
9903429
9903775
9904849
9906351
9907184
9909958
9910054
9912098
9913150
9913349
9914756
9915055
9915467
9917119
9917555
9919182
9922192
9922412
9924259
9925729
9927238
9927607
9927943
9928427
9929133
9930602
9930904
9931563
9932578
9933383
9934394
9938927
9941086
9941193
9941349
9941434
9942499
9943179
9943190
9943851
9944030
9944694
9945742
9945895
9946059
9946252
9947698
9948472
9948824
9949377
9949812
9950068
9950578
9951438
9951702
9951773
9953451
9955811
9955823
9958429
9959160
9959874
9960537
9961004
9961128
9963094
9966276
9968501
9969553
9970931
9973390
9973463
9976261
9977111
9977178
9980080
9980812
9981039
9981689
9981828
9982760
9985817
9986026
9987308
9987970
9988324
9989107
9989337
9991700
9991935
9993128
9994898
9994990
9995044
